0.00019903375
-0.0015666534
0.0013795472
0.0008069358
-0.0009928535
-0.0015618597
0.003740764
0.0008117985
0.0025350768
0.0008066326
0.00015516396
-0.00038041393
0.0013360891
-0.00037800524
0.00014563624
-0.000375596
0.00014469211
-0.0015552319
0.00014379395
0.0008187949
0.00014283374
-0.00155059
-0.001040138
-0.00035859487
-0.0010334969
-0.0003563053
-0.002209063
-0.00035403043
-0.0010127836
-0.0003517778
0.0013580442
-0.0003495518
0.0013493968
0.0008349559
0.0001585208
0.00082962227
0.00015753451
0.0008243465
-0.0010258086
-0.00036328187
0.00016309212
-0.0003609667
0.0001620485
-0.00035865395
0.0001610155
0.00082607334
-0.0010224842
-0.0003616689
0.00016652973
-0.00035934764
0.00016547258
0.0008254585
0.0013469732
0.0020027778
0.00015578899
0.0019900242
0.00015481195
0.0019773406
0.00015382952
-0.0004006059
0.0025181891
-0.00039806074
0.0025021427
-0.0015782402
-0.001062007
-0.00038544895
0.0013102863
0.000799839
0.0001191393
-0.00038808555
0.0013012264
0.000797238
0.0024757911
0.00197505
0.00009423274
0.000779565
0.00009360408
0.0019575476
0.00009301138
-0.0004209148
0.003641384
-0.0004182558
0.002435156
0.0019505289
0.00123657
0.0007550075
0.000045630975
0.00075019157
0.00004534802
0.00074538984
0.0012281702
0.0019238327
0.0012203655
-0.00045483175
0.0023957686
0.0007313078
0.0011972819
-0.00045662888
0.0011896543
-0.0004536904
-0.0000012105736
-0.0004508265
-0.0000012225345
-0.0016312972
0.0011821571
0.0019292664
0.0011745902
-0.0028167234
0.0035339762
0.000751574
0.0011445399
0.0019302991
-0.0012296996
0.0019179955
-0.0012218809
0.00072221656
0.0023365095
0.0007175972
-0.0012290981
0.0007130313
-0.00003766465
-0.00047516002
-0.0012210665
0.0007115495
0.0011540701
0.0018906904
-0.000036977686
0.0018786466
-0.0012204964
0.0006829099
-0.00002896002
-0.00050524337
0.0011550329
0.0006818
-0.001219983
-0.00050638727
0.001155524
0.00068075286
-0.0012195939
-0.0005075376
-0.00002794866
0.00067966344
-0.000027762451
0.00067533855
-0.000027593693
-0.0005130004
-0.00002739004
0.0018583759
-0.000027223583
0.00066244643
-0.000027049875
0.0006582195
-0.000026889393
0.00065401936
-0.0012108509
0.0006498629
0.0035334998
-0.00053848536
-0.000041576724
0.0006491755
-0.000041315783
-0.0005392374
-0.0012252947
0.00064852467
-0.0035860343
0.0006443706
-0.001194576
0.0006402793
-0.002371303
-0.0005481858
-0.002356175
-0.0017290943
-0.0011567571
0.0006508058
-0.0023338122
-0.00053781795
-0.0035034018
0.0018345893
0.000072414216
0.0006383826
0.000071956514
-0.0005502283
0.000071486196
-0.0017313285
0.0000710141
-0.00053569814
-0.0011140287
0.0006524011
0.000077697005
-0.00053643214
-0.0034767773
0.00065166404
0.00009947588
-0.000537201
0.00009884175
-0.00053378404
-0.0022713097
-0.0005304135
-0.0010720356
0.00065781653
0.0013044638
-0.0005311995
0.00011126143
-0.0005278615
-0.0010743527
-0.0005244765
-0.0010674881
-0.00052111276
-0.0010606751
-0.00051779865
0.0013160205
0.0018554955
0.00012265782
-0.00052639813
0.00012184788
-0.00052306266
-0.0022490495
-0.00051971216
-0.0010495939
-0.00051637884
-0.0010429107
-0.0016982651
0.00014886385
-0.0005022668
0.00014793483
-0.00049902464
-0.00103823
-0.0004958593
0.001338864
-0.001677968
0.00014508708
-0.00048199948
0.00014411798
-0.0016642278
0.00014326337
-0.00046829152
-0.0022284065
-0.0004652943
-0.00102882
-0.00046231196
0.00016317221
0.00072605844
-0.0010233151
-0.0016495117
0.00016866552
0.0007320326
0.00016760599
-0.0004581583
0.00016655345
-0.0004552612
-0.0010200856
0.0019188437
-0.0010135905
-0.0016502555
-0.0010071084
-0.0016397272
0.00018496228
0.00074207835
-0.0010019208
-0.00044836948
0.00019018387
-0.0016312653
-0.002182482
-0.00043506201
0.0013887323
-0.0004323083
-0.0009917354
0.00075629045
-0.0009854168
-0.0004343992
0.00020673336
-0.0016175351
0.0013912853
-0.00042127166
0.0013824307
0.00076734624
-0.000998267
-0.0016095163
-0.0021778955
-0.0004132606
0.0013940048
-0.00041061008
-0.0009869458
-0.0015940573
0.0002053991
-0.0027699845
0.00020409358
0.0008060579
0.00020280034
-0.0003852498
0.001387668
0.00080341625
0.00019264694
-0.0015741518
0.0013776215
-0.0003778716
0.00018260645
0.0008107944
0.0013677031
0.00080560474
0.0037315832
-0.0015721538
0.0013351224
-0.00037579378
0.00014027301
0.0019994122
-0.0010470023
0.0019866717
0.00014607531
0.0019739745
0.0013315831
-0.0004115354
0.0013230974
0.0007775853
0.0013146695
-0.0016004317
-0.001066784
-0.00040367313
-0.0022465454
-0.0015876871
0.00014096945
-0.0003909636
0.00014004276
0.000798174
0.00013917382
-0.0003935967
-0.0022350852
0.00198235
-0.0010341
-0.0004037801
0.000159189
-0.0004011939
0.00015818172
-0.0015854243
-0.0022164003
-0.001575328
0.0001713462
0.0019952557
0.0013571398
-0.00039119256
0.00016160366
-0.0027625305
0.0013474732
-0.0015579673
0.00015194961
-0.0015480261
0.00015098028
-0.00035115378
0.0025240132
-0.00034893065
-0.0022401726
-0.0027208352
-0.0010388467
0.00085776695
0.00015487232
-0.001521902
0.0025280882
-0.0015122178
0.0013248291
0.00087176525
-0.0010579558
0.0008661987
0.0013231996
-0.0015137551
-0.0010596879
-0.00031686111
-0.0022401772
-0.0003148327
-0.002225897
0.00087446126
0.00016291712
-0.0015057884
0.00016187038
-0.0014961597
-0.0010265252
-0.00029923968
-0.0010199916
0.0008900807
0.0013613444
0.0008844087
-0.0010222248
-0.00030873102
0.00017178159
-0.00030672664
0.00017068617
-0.0003047707
-0.0022054915
0.0008847377
-0.0010038316
0.0008791004
0.00019012246
-0.0015017597
0.0013765355
-0.00030453035
-0.002195174
-0.00030259276
0.002569525
0.0008870424
-0.0010099683
0.0008813864
-0.0010035163
-0.0014997531
0.00019062808
-0.0003023962
-0.0009983612
-0.00030047222
-0.0009920029
-0.0014864177
-0.0009856734
-0.0002890579
0.00020846976
-0.00028720673
-0.0021686235
0.00090254634
-0.0021548106
0.00089678686
0.0014227829
-0.00029690872
-0.002150234
-0.0002950036
0.00023949193
-0.0014811829
0.00023796079
-0.0014717027
0.00023645122
0.000913836
-0.0009531535
-0.0002800879
0.00024104907
-0.0026546144
-0.0021367925
-0.0014495065
0.0014413773
-0.0014402476
-0.0021324372
-0.0014310752
0.00025764803
-0.00023370588
0.0002559772
-0.00023221577
-0.0033105083
0.0009575916
0.00027554244
-0.00023685704
0.00027380124
0.00095303904
0.00027204317
-0.00024143538
-0.0009180769
-0.00023992374
-0.0021006712
-0.00023839773
0.0014781018
-0.00023686966
-0.0009082959
0.00095315254
-0.0032795107
-0.0014299804
-0.0032586055
-0.00023230634
-0.0008606997
0.00095775304
0.00033340266
-0.0014255932
-0.0008573606
-0.0014164945
-0.0020405343
-0.0014074653
-0.0020275097
0.0009789258
0.0003628115
0.00097267114
-0.0008282211
-0.00022230619
-0.0008229513
-0.0002208728
0.00037107058
-0.00021946426
-0.0031977147
-0.00021806861
-0.000799654
-0.00021668615
0.0003943012
-0.00021527616
0.00039179463
-0.0014028252
-0.0031774375
-0.00020496198
0.0004096491
0.0009853374
-0.00078194356
0.0021680528
-0.0031549637
-0.0026018838
-0.0019458132
-0.0025852907
-0.00074435817
-0.00019062971
-0.00073960307
-0.0013785218
-0.0007348903
-0.0013697541
-0.0019193307
-0.00017182902
-0.00071793236
-0.0013599105
-0.0019025352
-0.00016203737
-0.0007011817
-0.001350247
-0.0006967257
-0.00015239778
-0.0006922625
-0.0013406827
-0.0018771569
-0.00014282904
-0.0006758491
-0.0001419138
-0.0006715467
-0.00014102881
0.0005221297
-0.0013295258
-0.0006706085
-0.00013160375
0.0005230677
-0.00013076418
-0.0006697146
-0.0001299263
0.0005240456
-0.00012910989
-0.0018583197
0.001061256
-0.0006569256
-0.0013246385
0.001726398
-0.0001265868
0.0005257999
-0.0001257951
0.0005224344
-0.0013146419
-0.0018601957
-0.0013062654
0.00053101557
-0.0001082243
-0.0006620654
-0.0012972273
0.00053190615
0.001090506
0.00052849355
-0.0012959777
-0.000664663
0.0010918892
0.00052938884
-0.000104893734
0.0005260167
0.0010856172
-0.0018570697
0.0010786853
-0.0018452142
-0.00011808916
0.00054638035
-0.0013073051
0.0017328291
-0.00010896814
0.0005318015
0.0010816933
-0.0006615727
-0.000115202325
0.0005326796
-0.00011447942
0.000529274
0.0022664086
0.00052588625
0.0010618184
0.0017126279
-0.001325182
-0.0006785512
0.0022537385
-0.0018643795
-0.00014100841
-0.0018524613
-0.00014011329
0.0005397399
-0.00013921168
-0.0006539179
0.0010519216
-0.0018399842
0.0010452322
0.0017425779
-0.0013420614
-0.0006491355
-0.00014317398
0.0029259876
-0.0013325987
-0.00066372805
-0.00013373511
0.00053085736
-0.00013288629
0.0017178934
0.0010584255
-0.00067394366
-0.00013879553
-0.0018601154
-0.00013793445
0.0017232293
-0.00013702667
0.00052170776
0.0010543836
-0.0006721397
0.0010476585
-0.0018584115
-0.00014963197
0.0005345992
-0.0013392916
0.00053119694
-0.0013307531
0.000527841
0.0010590706
0.00052443834
-0.00013836038
0.000521097
-0.00013748195
-0.0018636542
-0.0001366011
0.0017204558
-0.001326515
0.0005187087
0.0022543708
-0.0006753952
-0.0001416579
-0.0018619117
-0.0013316248
0.0005316533
0.0010586338
-0.0006626104
0.0010518691
0.00053253415
-0.0001457478
0.001720065
-0.00014485008
0.0017091173
0.0010470609
-0.00068376656
0.002231391
-0.0006794289
0.0010261433
-0.00067510724
-0.00017146626
-0.0018618333
-0.00017037232
-0.0006588673
-0.00016928535
0.0005364304
0.0010229269
0.00053302443
-0.00017475625
0.0029119372
-0.00017364514
0.0005110072
-0.00017253775
-0.0006834856
-0.00017145724
0.00051210856
0.0010209164
0.00050886616
-0.00017688934
0.0016969019
-0.0001757648
0.0028773644
-0.00017461572
0.00047634562
0.0010178437
0.00047329886
-0.0013714269
0.00047031575
-0.00017127
0.0016586964
-0.00017014562
-0.0019261776
-0.00016909621
0.00046902758
0.0010234865
0.0016575155
0.0010169456
0.00045543723
0.0022019858
0.00045254774
0.0009963751
0.00044964504
-0.0013931352
0.0004467767
-0.00019262196
0.001635525
0.0010002262
-0.0007581707
-0.0001978267
-0.00075333455
-0.00019656494
0.0016348539
-0.00019531896
-0.0007589996
0.0009976625
-0.00075415766
-0.00020045428
-0.000749339
-0.00019917544
0.0004472028
-0.00019788514
0.004019802
-0.00019660263
0.00041863602
0.0009964841
-0.000775875
0.0021820052
-0.0007709375
-0.0014076658
0.0004258829
-0.00020672321
0.003998988
-0.00020540823
0.0027815255
-0.00020410995
0.0003797869
-0.00020280387
0.0027614164
-0.0013935373
-0.00083231594
0.00099946
0.00036505694
-0.0013910924
0.0015548005
0.0010020117
0.00035275694
0.0009956516
0.0015426447
-0.00020289466
0.0015328269
0.0009906188
0.0015230443
-0.00020794454
-0.0008710915
0.0009856505
-0.0020577942
-0.00021292246
-0.00085236575
-0.0014038458
0.00034530574
-0.00020257165
-0.002041494
0.0009910675
0.0015485225
0.0009847294
-0.0020384502
0.0021708275
0.0015517258
0.00096455374
-0.000843007
0.0009584159
-0.00083759724
-0.0002401399
-0.0008322457
0.00095386617
-0.00082694
-0.0002447254
-0.0008216562
0.0009493711
0.0003761205
-0.00024925324
-0.0020114176
0.0009449168
0.00038656997
-0.0002537157
-0.00080848834
-0.0002520809
0.0015819264
-0.00025049242
0.00037919357
-0.0014415836
0.0015694437
0.00095302425
0.0003667295
0.00094693573
0.00036439375
-0.00025183533
-0.00083070004
0.0021352957
-0.0020181744
0.0033144827
-0.0008124889
-0.00028513453
0.0015783276
0.00090953463
0.00037539913
-0.0002891262
0.00037302412
-0.00028726968
0.00037063626
0.0009074738
-0.00082464336
0.00090167223
-0.0008193821
0.0008959352
-0.00081415457
-0.00030278735
0.0015770178
0.00089216355
-0.0020120887
0.0020795101
0.00038684657
0.0008731801
-0.0008086846
-0.00032549392
0.00038953812
-0.00032340118
0.00038705667
0.0008717687
0.0003846111
-0.00032691596
-0.002004164
0.00086834456
0.00039498808
0.0020560184
0.00039243602
0.002042909
-0.0019965281
-0.00035666104
0.00040273392
0.00083891646
0.0004001762
-0.00035974567
0.0015909326
-0.00035745837
0.00038742917
0.00083816727
-0.00080835604
-0.0015539378
0.0003901423
-0.00035061926
-0.00080573926
0.00084505026
0.0003928258
-0.00035378148
0.0003903394
-0.00035154834
0.000387817
-0.0003492854
-0.0008081483
0.00084642967
-0.00080297224
0.00084105704
0.0003956932
0.000835699
-0.0019939437
0.00083036674
-0.00078765943
0.0008250646
-0.00078264985
-0.00037383183
-0.0007776482
-0.0015650945
-0.00196635
0.00083224603
-0.0019537725
-0.0003667866
-0.0019413301
-0.00036444623
-0.0019289552
-0.00036211708
0.00047087914
-0.0015535756
0.00046787868
-0.0027374553
-0.0019227152
-0.0015261808
0.0028648474
-0.00032258822
-0.0007349686
-0.00032052206
-0.0019241453
-0.0003185048
0.00047591474
0.00087746006
-0.0007210503
0.002065809
-0.0031043133
0.00085864874
0.00049737934
-0.00034079605
0.002882175
-0.001532647
0.00047573322
-0.000328823
-0.00072129886
-0.0015207808
-0.0019107602
0.00087708473
0.0004895896
0.00087146426
-0.0030958203
-0.00032818934
